Array 1:
     0.84    0.394    0.783    0.798    0.912    0.198    0.335    0.768    0.278    0.554
    0.477    0.629    0.365    0.513    0.952    0.916    0.636    0.717    0.142    0.607
   0.0163    0.243    0.137    0.804    0.157    0.401     0.13    0.109    0.999    0.218
    0.513    0.839    0.613    0.296    0.638    0.524    0.494    0.973    0.293    0.771
    0.527     0.77      0.4    0.892    0.283    0.352    0.808    0.919   0.0698    0.949
    0.526   0.0861    0.192    0.663     0.89    0.349   0.0642     0.02    0.458   0.0631
    0.238    0.971    0.902    0.851    0.267     0.54    0.375     0.76    0.513    0.668
    0.532   0.0393    0.438    0.932    0.931    0.721    0.284    0.739     0.64    0.354
    0.688    0.166     0.44     0.88    0.829     0.33    0.229    0.893     0.35    0.687
    0.956    0.589    0.657    0.859     0.44    0.924    0.398    0.815    0.684    0.911

Array 2:
     0.84    0.394    0.783    0.798    0.912    0.198    0.335    0.768    0.278    0.554
    0.477    0.629    0.365    0.513    0.952    0.916    0.636    0.717    0.142    0.607
   0.0163    0.243    0.137    0.804    0.157    0.401     0.13    0.109    0.999    0.218
    0.513    0.839    0.613    0.296    0.638    0.524    0.494    0.973    0.293    0.771
    0.527     0.77      0.4    0.892    0.283    0.352    0.808    0.919   0.0698    0.949
    0.526   0.0861    0.192    0.663     0.89    0.349   0.0642     0.02    0.458   0.0631
    0.238    0.971    0.902    0.851    0.267     0.54    0.375     0.76    0.513    0.668
    0.532   0.0393    0.438    0.932    0.931    0.721    0.284    0.739     0.64    0.354
    0.688    0.166     0.44     0.88    0.829     0.33    0.229    0.893     0.35    0.687
    0.956    0.589    0.657    0.859     0.44    0.924    0.398    0.815    0.684    0.911

Array 3:
    0.701     0.81   0.0888    0.121    0.348    0.422      0.7   0.0664    0.587    0.643
    0.991    0.296    0.271   0.0697     0.95    0.382    0.323    0.988    0.843    0.275
    0.597    0.556    0.848    0.185    0.397     0.89     0.85    0.318    0.103   0.0449
    0.645    0.804    0.855    0.734    0.925    0.203    0.156    0.625    0.269    0.743
    0.268     0.26   0.0389     0.54     0.33    0.989    0.922    0.652    0.977    0.764
    0.928    0.574    0.321    0.775    0.758    0.718    0.665    0.609   0.0358    0.768
    0.654    0.681    0.572    0.508    0.415    0.498    0.711     0.57    0.123     0.98
    0.314    0.391     0.24    0.353    0.931     0.57    0.341    0.852    0.222    0.318
    0.616     0.15    0.892    0.937    0.925     0.65    0.655     0.59    0.259    0.691
    0.358    0.912    0.372    0.931     0.42    0.787    0.428    0.131    0.357    0.551

Array 4:
    0.561    0.225    0.393    0.444    0.285    0.145    0.564    0.865    0.895    0.231
  0.00401    0.461    0.176    0.626    0.945    0.846     0.01    0.257   0.0408    0.444
    0.174    0.367   0.0588    0.562    0.134    0.879    0.568    0.521    0.207    0.869
     0.77    0.768   0.0938    0.164    0.212    0.379    0.308    0.776    0.243    0.204
  0.00656    0.247    0.664    0.183    0.874    0.609    0.029    0.884    0.866   0.0697
    0.328   0.0407    0.436    0.386    0.603     0.57    0.265    0.172   0.0915    0.472
   0.0404    0.862     0.24    0.134   0.0255    0.452    0.513    0.334    0.228    0.756
    0.538    0.235   0.0039    0.202    0.418    0.878    0.811    0.447    0.761    0.677
    0.516   0.0888    0.718    0.953    0.475    0.321    0.523     0.74    0.493    0.614
    0.212    0.533    0.476    0.453    0.667    0.502    0.905     0.18    0.835    0.133

Array 5:
    0.916    0.134    0.191     0.26    0.214     0.36     0.42    0.654    0.194     0.31
    0.507    0.115    0.571     0.67    0.927    0.297    0.682   0.0102    0.724   0.0951
    0.234    0.159    0.749    0.918    0.349    0.343     0.26    0.699    0.282     0.66
    0.865    0.198    0.794   0.0562    0.458  0.00872    0.416    0.878    0.663    0.611
    0.188     0.17    0.725    0.759     0.84    0.653   0.0559    0.522    0.663     0.78
    0.617    0.896    0.938    0.366    0.814    0.287    0.709   0.0736    0.986    0.991
    0.734    0.851    0.189    0.528    0.907    0.648    0.537    0.324    0.526      0.2
    0.934    0.714     0.37     0.66    0.472     0.21    0.312    0.528    0.732    0.975
    0.308    0.349    0.871    0.246    0.716    0.685    0.533    0.425    0.759     0.52
    0.416    0.493    0.371    0.606   0.0216    0.278    0.254    0.559    0.602    0.779

Array 6:
    0.275   0.0465    0.993     0.08    0.148   0.0796    0.281    0.448    0.498    0.894
   0.0157    0.275    0.971    0.221    0.416    0.256    0.363    0.272    0.416    0.256
    0.303    0.461    0.451    0.285   0.0764    0.822    0.965    0.392    0.374     0.97
    0.477    0.648   0.0162     0.47    0.728    0.164     0.55  0.00896    0.612    0.048
    0.903    0.628    0.323    0.874    0.849    0.739    0.131    0.213    0.011    0.546
    0.469    0.314  0.00776     0.92    0.599   0.0841    0.742    0.564    0.476    0.115
    0.534    0.953    0.764     0.55    0.423    0.492    0.714    0.973    0.501    0.327
   0.0211    0.404    0.955    0.344    0.279    0.804    0.083    0.409   0.0165    0.094
    0.956    0.485    0.408    0.963    0.405  0.00708   0.0474    0.147    0.572    0.523
    0.263    0.106    0.477   0.0266    0.656      0.9    0.519     0.37    0.873     0.02

Array 7:
    0.135    0.963      0.8    0.403   0.0851    0.806    0.645    0.247     0.31    0.983
     0.53    0.944    0.878    0.778    0.417    0.223    0.551   0.0462    0.618    0.425
    0.387    0.776    0.662     0.17    0.319    0.311    0.691    0.103    0.978    0.802
    0.613    0.113    0.765    0.413    0.516     0.85    0.219    0.162   0.0973    0.528
    0.145    0.627    0.472    0.023    0.405    0.889    0.246    0.956    0.935    0.863
    0.382    0.322     0.64    0.044    0.493    0.959    0.355    0.184   0.0621    0.333
    0.986    0.675    0.446    0.751   0.0883    0.963    0.601    0.307    0.124    0.698
    0.835    0.269    0.325    0.308    0.292     0.73    0.197    0.538    0.686    0.132
    0.401    0.068    0.454   0.0408    0.112    0.947    0.999    0.467     0.13   0.0616
      0.8    0.116    0.737    0.246    0.867    0.825    0.209    0.468    0.132    0.334

Array 8:
    0.487    0.868    0.593    0.215   0.0102    0.515    0.996   0.0319    0.602   0.0553
    0.527   0.0894    0.764    0.815    0.889    0.164    0.216    0.788    0.789   0.0666
    0.433   0.0534    0.341     0.51    0.016    0.261    0.364    0.759   0.0359   0.0724
    0.182    0.523     0.94    0.774    0.738    0.951    0.289    0.733    0.983    0.891
    0.789    0.509     0.98    0.553    0.325    0.869    0.717     0.54    0.657    0.506
    0.607   0.0891    0.559    0.948    0.599    0.575    0.209    0.963    0.335    0.245
    0.035    0.516    0.768    0.975     0.29    0.506    0.926    0.579    0.239    0.909
     0.47   0.0279    0.418     0.45    0.581    0.743    0.319    0.298    0.283    0.975
    0.804     0.89   0.0643    0.363    0.838    0.663    0.939   0.0472    0.626    0.273
    0.292    0.661     0.79   0.0604    0.636     0.08    0.566    0.562    0.659    0.805

Array 9:
    0.353     0.79    0.906   0.0439    0.954    0.248    0.868    0.839    0.922    0.653
     0.55    0.269    0.682    0.384    0.902    0.643    0.916    0.577  0.00596    0.751
    0.535    0.887    0.571    0.916    0.281    0.273    0.615    0.998    0.167    0.935
    0.849     0.52    0.724    0.755    0.563    0.679  0.00337    0.431    0.517    0.925
   0.0849   0.0673    0.195    0.767    0.451   0.0964     0.41    0.367    0.673    0.416
    0.119    0.208    0.303    0.689    0.124    0.584    0.962    0.738    0.582    0.129
    0.673    0.431    0.649    0.397    0.186    0.212    0.076    0.189    0.643    0.593
    0.115    0.728    0.661     0.31    0.495    0.111    0.406    0.905    0.479   0.0792
    0.322    0.597    0.287    0.624    0.286    0.411    0.208    0.249    0.149     0.79
    0.378    0.822    0.221   0.0262     0.22    0.407    0.238    0.296    0.597    0.882

Array 10:
    0.207      0.7    0.203    0.359    0.885    0.463    0.723    0.629    0.721     0.73
   0.0541    0.923   0.0741    0.929    0.884   0.0918   0.0899    0.331    0.686    0.903
   0.0947    0.675    0.262    0.273    0.991    0.237    0.308     0.67    0.741     0.23
    0.938    0.948    0.929    0.142    0.307    0.814    0.605   0.0298    0.443    0.326
     0.76    0.497    0.249    0.834    0.426    0.133    0.926    0.516    0.464    0.612
    0.419    0.559    0.287     0.68    0.832    0.278    0.918     0.14    0.949    0.659
    0.369    0.887    0.607    0.298   0.0286    0.914    0.112    0.633    0.944    0.555
    0.959    0.704   0.0519    0.208    0.539    0.478    0.341    0.465    0.993    0.805
   0.0768    0.412    0.364    0.364   0.0923    0.195    0.642     0.01    0.335    0.591
    0.669    0.704    0.478    0.276  0.00267    0.507     0.19    0.115     0.14    0.134

    0.916    0.963    0.993    0.798    0.954    0.806    0.996    0.865    0.922    0.983
    0.991    0.944    0.971    0.929    0.952    0.916    0.916    0.988    0.843    0.903
    0.597    0.887    0.848    0.918    0.991     0.89    0.965    0.998    0.999     0.97
    0.938    0.948     0.94    0.774    0.925    0.951    0.605    0.973    0.983    0.925
    0.903     0.77     0.98    0.892    0.874    0.989    0.926    0.956    0.977    0.949
    0.928    0.896    0.938    0.948     0.89    0.959    0.962    0.963    0.986    0.991
    0.986    0.971    0.902    0.975    0.907    0.963    0.926    0.973    0.944     0.98
    0.959    0.728    0.955    0.932    0.931    0.878    0.811    0.905    0.993    0.975
    0.956     0.89    0.892    0.963    0.925    0.947    0.999    0.893    0.759     0.79
    0.956    0.912     0.79    0.931    0.867    0.924    0.905    0.815    0.873    0.911
