    0.916    0.963    0.993    0.798    0.954    0.806    0.996    0.865    0.922    0.983
    0.991    0.944    0.971    0.929    0.952    0.916    0.916    0.988    0.843    0.903
    0.597    0.887    0.848    0.918    0.991     0.89    0.965    0.998    0.999     0.97
    0.938    0.948     0.94    0.774    0.925    0.951    0.605    0.973    0.983    0.925
    0.903     0.77     0.98    0.892    0.874    0.989    0.926    0.956    0.977    0.949
    0.928    0.896    0.938    0.948     0.89    0.959    0.962    0.963    0.986    0.991
    0.986    0.971    0.902    0.975    0.907    0.963    0.926    0.973    0.944     0.98
    0.959    0.728    0.955    0.932    0.931    0.878    0.811    0.905    0.993    0.975
    0.956     0.89    0.892    0.963    0.925    0.947    0.999    0.893    0.759     0.79
    0.956    0.912     0.79    0.931    0.867    0.924    0.905    0.815    0.873    0.911
